"floe_id","rotation","area","convex_area","major_axis_length","minor_axis_length","perimeter","adr_area","adr_convex_area","adr_major_axis_length","adr_minor_axis_length","rotation_estimated","normalized_shape_difference","psi_s_correlation"
1,-45.0,58.0,64.0,9.027079880400272,8.383243581515593,27.79898987322333,0.025210084033613446,0.03759398496240601,0.03589088666705659,0.011107762264637904,-45.0,0.05042016806722689,0.977
1,-42.0,56.0,64.0,9.039647404515438,8.136217801175171,27.79898987322333,0.042735042735042736,0.03759398496240601,0.0351961483031447,0.0038464985940585847,-45.0,0.05128205128205128,0.976
1,-39.0,56.0,61.0,8.995431183037576,8.155101913464375,26.970562748477143,0.042735042735042736,0.06153846153846154,0.0376445788568667,0.002687358793454098,-45.0,0.08547008547008547,0.976
1,-36.0,56.0,61.0,9.031732986371264,8.036221779380098,25.97056274847714,0.042735042735042736,0.06153846153846154,0.03563355219795307,0.010029373085784702,-39.0,0.08547008547008547,0.977
1,-33.0,56.0,61.0,9.343151860317558,7.780234182033946,26.384776310850235,0.042735042735042736,0.06153846153846154,0.018696771412369438,0.026210008401487198,-30.0,0.06837606837606838,0.977
1,-30.0,57.0,64.0,9.463548760652536,7.8017842608300665,26.970562748477143,0.03389830508474576,0.03759398496240601,0.012296434475172275,0.024827898927744004,-30.0,0.06779661016949153,0.977
1,-27.0,56.0,64.0,9.437069450495935,7.795726575475668,27.556349186104043,0.042735042735042736,0.03759398496240601,0.013697174389907195,0.025216030914762783,-30.0,0.06837606837606838,1.0
1,-24.0,56.0,64.0,8.873378912588402,8.329495399626978,27.556349186104043,0.042735042735042736,0.03759398496240601,0.04446361028717911,0.007892043391416956,-23.0,0.08547008547008547,1.0
1,-21.0,57.0,66.0,9.141356519368713,8.254255785144366,28.970562748477143,0.03389830508474576,0.022222222222222223,0.029607726098522493,0.00335521566550673,-17.0,0.06779661016949153,1.0
1,-18.0,59.0,66.0,9.413596998634679,8.218370737214276,28.384776310850235,0.016666666666666666,0.022222222222222223,0.014942098432582488,0.0011767588057472243,-17.0,0.03333333333333333,1.0
1,-15.0,59.0,66.0,9.413596998634679,8.218370737214276,28.384776310850235,0.016666666666666666,0.022222222222222223,0.014942098432582488,0.0011767588057472243,-17.0,0.03333333333333333,1.0
1,-12.0,55.0,59.0,9.59730993242929,7.408108517898493,26.72792206135785,0.05172413793103448,0.078125,0.005279306306706242,0.05067820653260773,-13.0,0.10344827586206896,0.999
1,-9.0,56.0,61.0,9.44673367261618,7.687721356380803,27.31370849898476,0.042735042735042736,0.06153846153846154,0.013185493736385763,0.032185897217890835,-10.0,0.08547008547008547,0.999
1,-6.0,59.0,68.0,9.710365215743224,7.994761975205966,28.142135623730947,0.016666666666666666,0.0072992700729927005,0.0005761696289077133,0.012615275434470486,-6.0,0.03333333333333333,1.0
1,-3.0,59.0,68.0,9.710365215743224,7.994761975205966,28.142135623730947,0.016666666666666666,0.0072992700729927005,0.0005761696289077133,0.012615275434470486,-6.0,0.03333333333333333,1.0
1,0.0,61.0,69.0,9.699182024112769,8.199051391157045,28.142135623730947,0.0,0.0,0.0,0.0,0.0,0.0,1.0
1,3.0,54.0,59.0,8.882468673829623,7.825530299582497,25.899494936611667,0.06086956521739131,0.078125,0.043952680176771584,0.02330925691435693,-7.0,0.12173913043478261,0.998
1,6.0,54.0,59.0,8.882468673829623,7.825530299582497,25.899494936611667,0.06086956521739131,0.078125,0.043952680176771584,0.02330925691435693,-7.0,0.12173913043478261,0.998
1,9.0,51.0,56.0,8.969475787671094,7.4313895997912836,25.656854249492383,0.08928571428571429,0.104,0.03908723614726479,0.04911325226270447,9.0,0.17857142857142858,0.999
1,12.0,52.0,57.0,9.211092702114444,7.387950103784719,26.48528137423857,0.07964601769911504,0.09523809523809523,0.025810800163647542,0.052037031473663634,10.0,0.1592920353982301,0.999
1,15.0,56.0,62.0,9.477095705650443,7.695477325784037,27.31370849898476,0.042735042735042736,0.05343511450381679,0.011581304859682387,0.03168222690593378,18.0,0.05128205128205128,0.998
1,18.0,57.0,65.0,9.44730816268848,7.929619799966971,28.14213562373095,0.03389830508474576,0.029850746268656716,0.013155093125001089,0.016705132617394366,18.0,0.06779661016949153,0.999
1,21.0,57.0,62.0,9.439415847401095,7.816488343062718,27.31370849898476,0.03389830508474576,0.05343511450381679,0.013572894861765866,0.023886990663007115,18.0,0.06779661016949153,0.998
1,24.0,56.0,63.0,9.3602666093839,7.82054468725385,26.899494936611667,0.042735042735042736,0.045454545454545456,0.01778201569447449,0.023627730814842242,21.0,0.08547008547008547,0.999
1,27.0,57.0,63.0,9.390806766157333,7.976103490395317,26.727922061357855,0.03389830508474576,0.045454545454545456,0.016153768414605404,0.013783354928860571,29.0,0.06779661016949153,0.999
1,30.0,56.0,64.0,8.971605385240451,8.186293352448402,28.14213562373095,0.042735042735042736,0.03759398496240601,0.03896871743651447,0.0007786249791065388,29.0,0.10256410256410256,0.999
1,33.0,57.0,66.0,9.288597733733408,8.057095091848629,28.97056274847714,0.03389830508474576,0.022222222222222223,0.021623607162901647,0.008732469251357887,32.0,0.0847457627118644,0.999
1,36.0,56.0,62.0,9.280824881304767,7.818017111990141,26.48528137423857,0.042735042735042736,0.05343511450381679,0.022041991074755032,0.023789264501930245,37.0,0.06837606837606838,0.999
1,39.0,57.0,63.0,9.409971927866398,7.8072528961405405,26.485281374238568,0.03389830508474576,0.045454545454545456,0.0151346363618792,0.02447776126106958,37.0,0.06779661016949153,0.999
1,42.0,55.0,58.0,9.095938043401622,7.784777073610118,26.384776310850235,0.05172413793103448,0.08661417322834646,0.032095776911465326,0.02591834105703173,40.0,0.1206896551724138,0.977
1,45.0,57.0,60.0,9.260743409149047,7.976907919076309,26.384776310850235,0.03389830508474576,0.06976744186046512,0.02312449046843611,0.01373293959389489,62.0,0.1016949152542373,0.977
2,-45.0,69.0,74.0,12.297722470973056,7.244855360135578,30.62741699796952,0.061224489795918366,0.06918238993710692,0.022166700020438693,0.04125403773238036,-39.0,0.19047619047619047,0.949
2,-42.0,73.0,78.0,12.974114892082211,7.381692327042048,32.04163056034262,0.033112582781456956,0.04294478527607362,0.00460070084097892,0.031910969912532845,-44.0,0.09271523178807947,0.968
2,-39.0,74.0,78.0,12.670549022604753,7.491943061749451,31.213203435596427,0.02631578947368421,0.04294478527607362,0.007237082563431234,0.024504272040438865,-39.0,0.11842105263157894,0.969
2,-36.0,72.0,78.0,12.645388435203962,7.319116064442836,31.213203435596427,0.04,0.04294478527607362,0.00823088690848897,0.036162712315203044,-39.0,0.13333333333333333,0.968
2,-33.0,73.0,83.0,12.588637836508582,7.566470393030975,32.798989873223334,0.033112582781456956,0.011904761904761904,0.010479664133015976,0.019557428537566732,-36.0,0.11920529801324503,0.983
2,-30.0,70.0,79.0,12.640752358508053,7.275283304299008,31.798989873223327,0.05405405405405406,0.036585365853658534,0.00841421878405515,0.039161854871987534,-23.0,0.1891891891891892,0.968
2,-27.0,67.0,72.0,12.469257193281319,6.92420890303394,30.142135623730947,0.07586206896551724,0.08280254777070063,0.015243095894540126,0.0638244900427163,-25.0,0.16551724137931034,0.968
2,-24.0,70.0,79.0,12.571182618599144,7.249465864802235,31.727922061357855,0.05405405405405406,0.036585365853658534,0.011173356445182954,0.040936484506070236,-23.0,0.12162162162162163,0.984
2,-21.0,71.0,82.0,12.457251208149303,7.4425119938793864,32.55634918610404,0.04697986577181208,0.017964071856287425,0.01572463575558094,0.0278118838629377,-23.0,0.12080536912751678,0.982
2,-18.0,67.0,73.0,12.009904489262077,7.233564644704345,30.72792206135786,0.07586206896551724,0.0759493670886076,0.03399842152524947,0.04203251613006715,-17.0,0.15172413793103448,0.984
2,-15.0,70.0,76.0,12.328476304564633,7.358273045482207,31.31370849898476,0.05405405405405406,0.055900621118012424,0.020918453243418626,0.03349810032747231,-15.0,0.10810810810810811,0.984
2,-12.0,70.0,80.0,12.77219545510459,7.178823932408704,32.970562748477136,0.05405405405405406,0.030303030303030304,0.003242071425990606,0.04582337130111421,-8.0,0.17567567567567569,0.984
2,-9.0,69.0,75.0,12.40217788017007,7.242600015888005,31.899494936611667,0.061224489795918366,0.0625,0.017939400709301185,0.04140944745541158,-8.0,0.19047619047619047,0.998
2,-6.0,69.0,76.0,12.059355176378375,7.427547782915318,31.106601717798213,0.061224489795918366,0.055900621118012424,0.031946136639455225,0.028817408916351584,-7.0,0.20408163265306123,0.984
2,-3.0,71.0,80.0,12.394810947156396,7.443557677074114,32.14213562373095,0.04697986577181208,0.030303030303030304,0.018236393339053955,0.027741692306516904,-5.0,0.20134228187919462,0.984
2,0.0,78.0,85.0,12.855281566075188,7.8683355064003155,32.72792206135785,0.0,0.0,0.0,0.0,0.0,0.0,1.0
2,3.0,72.0,81.0,12.614765703559517,7.464965568283392,31.899494936611664,0.04,0.024096385542168676,0.00944308661737011,0.02630679043946471,-5.0,0.08,1.0
2,6.0,71.0,82.0,12.446449815267231,7.496212841977581,34.14213562373095,0.04697986577181208,0.017964071856287425,0.016158251964900363,0.02421956415412766,6.0,0.09395973154362416,0.999
2,9.0,70.0,76.0,12.642968479940116,7.216211981516303,31.899494936611667,0.05405405405405406,0.055900621118012424,0.00832657479442403,0.04323122887222117,8.0,0.10810810810810811,1.0
2,12.0,70.0,79.0,12.739971246820682,7.200571829445118,31.899494936611667,0.05405405405405406,0.036585365853658534,0.004505144766392331,0.04431400778255121,10.0,0.0945945945945946,1.0
2,15.0,71.0,78.0,12.618263390089309,7.318214195579459,32.14213562373095,0.04697986577181208,0.04294478527607362,0.009304483392230877,0.036224245902882146,17.0,0.10738255033557047,0.985
2,18.0,69.0,77.0,12.482270362155813,7.203270680781512,32.55634918610404,0.061224489795918366,0.04938271604938271,0.014721674965913655,0.04412700394098879,17.0,0.12244897959183673,0.985
2,21.0,72.0,81.0,12.644248672509269,7.4410946162506555,33.384776310850235,0.04,0.024096385542168676,0.00827595220740954,0.027907040740696054,22.0,0.09333333333333334,0.985
2,24.0,72.0,80.0,12.82436540368352,7.29441508957216,32.14213562373095,0.04,0.030303030303030304,0.0012039169552476954,0.037850679742803386,21.0,0.10666666666666667,0.984
2,27.0,67.0,74.0,12.357135773412148,7.029186305993918,30.970562748477143,0.07586206896551724,0.06918238993710692,0.019757954422039935,0.05632810684715718,25.0,0.16551724137931034,0.97
2,30.0,69.0,75.0,12.506701643493543,7.2554128162945615,31.79898987322333,0.061224489795918366,0.0625,0.013744190259148633,0.040527168068910206,29.0,0.1360544217687075,0.97
2,33.0,71.0,77.0,12.24320122207083,7.537387919881028,30.970562748477143,0.04697986577181208,0.04938271604938271,0.024387145198013438,0.02148211916843246,32.0,0.10738255033557047,0.97
2,36.0,70.0,74.0,12.221749663631922,7.386934028620162,30.627416997969522,0.05405405405405406,0.06918238993710692,0.025263433164798343,0.03155640591436505,33.0,0.13513513513513514,0.951
2,39.0,74.0,78.0,12.815225460061463,7.437940223715276,31.79898987322333,0.02631578947368421,0.04294478527607362,0.0015603940340150738,0.02811887687598774,32.0,0.17105263157894737,0.97
2,42.0,72.0,80.0,12.907989227157264,7.304310365398032,34.04163056034262,0.04,0.030303030303030304,0.002045845091063569,0.037173815679086446,41.0,0.2,0.984
2,45.0,68.0,73.0,12.227100470188018,7.175729487425166,30.62741699796952,0.0684931506849315,0.0759493670886076,0.025044714452517637,0.04603848888311872,45.0,0.2191780821917808,0.951
3,-45.0,54.0,56.0,9.957582526435989,7.010978566677609,25.79898987322333,0.10743801652892562,0.1111111111111111,0.037923901280307634,0.06466395078587459,-24.0,0.21487603305785125,0.933
3,-42.0,57.0,62.0,10.079806770125474,7.325301208663485,26.970562748477143,0.08064516129032258,0.06060606060606061,0.031831455998320116,0.04279965061299712,-24.0,0.12903225806451613,0.959
3,-39.0,58.0,64.0,10.219052195197246,7.388584861984726,27.798989873223334,0.072,0.04477611940298507,0.02497714379281961,0.03850579109961641,-38.0,0.144,0.959
3,-36.0,58.0,63.0,9.720221351522852,7.682465068518341,26.97056274847714,0.072,0.05263157894736842,0.049963426753484905,0.019020422058776156,-38.0,0.144,0.959
3,-33.0,55.0,62.0,9.668695564280142,7.351480121007403,27.14213562373095,0.09836065573770492,0.06060606060606061,0.0526139274448551,0.04101908633318018,-55.0,0.18032786885245902,0.98
3,-30.0,57.0,65.0,9.957227746079509,7.449540879709302,28.142135623730947,0.08064516129032258,0.037037037037037035,0.03794169054665098,0.03440316593925673,-24.0,0.14516129032258066,0.98
3,-27.0,59.0,66.0,9.884991281264876,7.717894155910459,27.556349186104043,0.06349206349206349,0.029411764705882353,0.04157649131997645,0.01672061727824992,-24.0,0.1111111111111111,0.981
3,-24.0,58.0,65.0,9.785149386171614,7.636741255767847,27.14213562373095,0.072,0.037037037037037035,0.046642458076616364,0.02200391058195709,-24.0,0.128,0.981
3,-21.0,57.0,65.0,9.687064451586894,7.562286384078232,27.14213562373095,0.08064516129032258,0.037037037037037035,0.05166749326907745,0.026899671269159008,-19.0,0.12903225806451613,0.981
3,-18.0,60.0,65.0,10.039606156614454,7.687050973196003,27.31370849898476,0.05511811023622047,0.037037037037037035,0.03382740521508366,0.018722151663679267,-19.0,0.11023622047244094,0.981
3,-15.0,58.0,63.0,10.198013036769023,7.382246097921948,27.31370849898476,0.072,0.05263157894736842,0.026006943697469274,0.03893428838815231,-19.0,0.144,0.98
3,-12.0,53.0,60.0,9.694990629352683,7.158434448443,27.727922061357855,0.11666666666666667,0.07692307692307693,0.05125963220407929,0.054293853917754195,-8.0,0.21666666666666667,0.98
3,-9.0,52.0,59.0,9.550557829678896,7.11402349933283,26.899494936611667,0.12605042016806722,0.08527131782945736,0.05874177286763868,0.05739581113533006,-8.0,0.20168067226890757,0.981
3,-6.0,57.0,65.0,9.894699871770554,7.6046181769889,27.899494936611664,0.08064516129032258,0.037037037037037035,0.04108649347807946,0.02411041800165248,-6.0,0.16129032258064516,0.999
3,-3.0,57.0,65.0,9.894699871770554,7.6046181769889,27.899494936611664,0.08064516129032258,0.037037037037037035,0.04108649347807946,0.02411041800165248,-6.0,0.16129032258064516,0.999
3,0.0,67.0,70.0,10.74261476499927,7.980378972825488,28.48528137423857,0.0,0.0,0.0,0.0,0.0,0.0,1.0
3,3.0,56.0,63.0,9.994925643379174,7.36576693955295,27.31370849898476,0.08943089430894309,0.05263157894736842,0.036054860262888885,0.04004992763536688,-7.0,0.17886178861788618,0.981
3,6.0,56.0,63.0,9.994925643379174,7.36576693955295,27.31370849898476,0.08943089430894309,0.05263157894736842,0.036054860262888885,0.04004992763536688,-7.0,0.17886178861788618,0.981
3,9.0,53.0,60.0,9.810285734837402,7.078088755918454,27.31370849898476,0.11666666666666667,0.07692307692307693,0.04536240664276449,0.059919125448914146,8.0,0.2,0.981
3,12.0,54.0,61.0,9.822860481445398,7.255083768937079,28.14213562373095,0.10743801652892562,0.06870229007633588,0.04472322047178943,0.04760572200411552,15.0,0.19834710743801653,0.981
3,15.0,58.0,65.0,10.162284447863607,7.390599389962976,27.31370849898476,0.072,0.037037037037037035,0.027760493424363587,0.03836968402026425,15.0,0.144,0.981
3,18.0,60.0,66.0,9.99205495992052,7.711099785384051,27.31370849898476,0.05511811023622047,0.029411764705882353,0.03619830048108734,0.017160854728274347,15.0,0.11023622047244094,0.981
3,21.0,57.0,64.0,9.610618540660857,7.60759288873726,26.727922061357855,0.08064516129032258,0.04477611940298507,0.05561751331291483,0.023914983129232726,24.0,0.12903225806451613,0.981
3,24.0,58.0,64.0,9.789012844128065,7.595555866215858,26.727922061357855,0.072,0.04477611940298507,0.04644551026472359,0.024706260689089675,24.0,0.112,0.981
3,27.0,59.0,64.0,9.854289231964136,7.671855172321716,26.727922061357855,0.06349206349206349,0.04477611940298507,0.04312908062134483,0.019711166958195938,24.0,0.12698412698412698,0.981
3,30.0,56.0,62.0,9.704248814791661,7.44270659580417,27.556349186104043,0.08943089430894309,0.06060606060606061,0.05078362978045685,0.03486153108784769,24.0,0.17886178861788618,0.981
3,33.0,57.0,65.0,9.820564230391106,7.6667896658261805,28.97056274847714,0.08064516129032258,0.037037037037037035,0.044839882725081534,0.020041281220979385,35.0,0.14516129032258066,0.98
3,36.0,58.0,64.0,9.687525900618294,7.687234740359315,26.97056274847714,0.072,0.04477611940298507,0.05164373959287586,0.018710202959591863,36.0,0.144,0.961
3,39.0,58.0,62.0,10.26194728287607,7.290501722880269,26.970562748477143,0.072,0.06060606060606061,0.02288395640088202,0.04517599630905473,36.0,0.144,0.961
3,42.0,58.0,61.0,10.449036515074592,7.153292798194221,26.97056274847714,0.072,0.06870229007633588,0.01385348626422165,0.054652049228072895,38.0,0.128,0.961
3,45.0,54.0,56.0,9.957582526435989,7.0109785666776085,25.79898987322333,0.10743801652892562,0.1111111111111111,0.037923901280307634,0.06466395078587465,66.0,0.21487603305785125,0.936
4,-45.0,228.0,248.0,26.179123042865477,11.637455526155758,66.08326112068522,0.029787234042553193,0.023622047244094488,0.0038414192400239933,0.02625395936158321,-44.0,0.08085106382978724,0.964
4,-42.0,228.0,252.0,26.24173258404229,11.628838676427435,66.91168824543144,0.029787234042553193,0.015625,0.0026470681791145494,0.026624058122817953,-42.0,0.06808510638297872,0.971
4,-39.0,233.0,256.0,26.341632891509448,11.812434857616532,66.59797974644667,0.018947368421052633,0.007751937984496124,0.0007472257296036017,0.018795801452893265,-38.0,0.06736842105263158,0.978
4,-36.0,229.0,255.0,26.20540781441976,11.737122296835294,66.18376618407356,0.027600849256900213,0.009708737864077669,0.0033396597718007718,0.021992525219282296,-37.0,0.07218683651804671,0.979
4,-33.0,230.0,260.0,26.221960733277154,11.82769187759143,67.59797974644667,0.025423728813559324,0.0,0.003023932468494136,0.018150635074307454,-33.0,0.0635593220338983,0.985
4,-30.0,229.0,257.0,25.892062420036684,11.812584223889745,67.97665940288701,0.027600849256900213,0.005802707930367505,0.00935407091779982,0.01878948130889664,-32.0,0.09341825902335456,0.985
4,-27.0,231.0,263.0,26.1884848264968,11.912206920225884,69.52691193458118,0.023255813953488372,0.0057361376673040155,0.003662651251681834,0.01459153569003755,-26.0,0.08456659619450317,0.992
4,-24.0,231.0,259.0,26.25714352344573,11.816714125501566,68.18376618407356,0.023255813953488372,0.0019267822736030828,0.002353522020854611,0.018614763589007113,-24.0,0.07188160676532769,0.985
4,-21.0,229.0,255.0,26.145232089563493,11.687093870489099,68.52691193458118,0.027600849256900213,0.009708737864077669,0.004489117023989755,0.02412714863887826,-26.0,0.17834394904458598,0.992
4,-18.0,229.0,253.0,26.13521658864508,11.815356680160619,67.8700576850888,0.027600849256900213,0.01364522417153996,0.004680685587849976,0.018672184436023156,-19.0,0.06794055201698514,0.993
4,-15.0,229.0,262.0,26.130999738925286,11.739716975451278,68.5269119345812,0.027600849256900213,0.0038314176245210726,0.004761364007630037,0.02188205762531246,-15.0,0.06794055201698514,0.997
4,-12.0,231.0,254.0,26.249635681899495,11.80885456447422,67.94112549695429,0.023255813953488372,0.011673151750972763,0.0024965092226382044,0.01894731807963021,-12.0,0.05496828752642706,0.99
4,-9.0,231.0,262.0,26.431129450160768,11.877096327190353,69.04163056034261,0.023255813953488372,0.0038314176245210726,0.0009486609005629063,0.01606708800952141,-8.0,0.07188160676532769,0.992
4,-6.0,229.0,249.0,26.20428563158508,11.654987044965326,65.38477631085023,0.027600849256900213,0.021611001964636542,0.0033610712734635463,0.025501793460555738,-6.0,0.055201698513800426,1.0
4,-3.0,226.0,251.0,26.004028911162465,11.70626427986362,66.21320343559643,0.03418803418803419,0.01761252446183953,0.00719670316926969,0.023308128615964114,-3.0,0.06837606837606838,1.0
4,0.0,242.0,260.0,26.38102862072457,12.264989342376692,66.21320343559643,0.0,0.0,0.0,0.0,0.0,0.0,1.0
4,3.0,233.0,252.0,26.33731848186573,11.795496335511626,64.04163056034261,0.018947368421052633,0.015625,0.0008291257458011992,0.019513031164476145,3.0,0.037894736842105266,0.992
4,6.0,231.0,253.0,26.115366864712833,11.887166095147673,64.62741699796952,0.023255813953488372,0.01364522417153996,0.005060571369808301,0.015643458746626315,8.0,0.10570824524312897,0.992
4,9.0,228.0,250.0,26.054254001230955,11.649695235082513,64.87005768508881,0.029787234042553193,0.0196078431372549,0.006231960679025498,0.025728715145761322,9.0,0.06382978723404255,0.992
4,12.0,229.0,254.0,26.344904094739032,11.569711938388282,66.62741699796952,0.027600849256900213,0.011673151750972763,0.0006851377325174188,0.02917080419000304,12.0,0.07218683651804671,0.998
4,15.0,232.0,257.0,26.429842682847546,11.74128981960433,67.69848480983501,0.02109704641350211,0.005802707930367505,0.0009243184389512917,0.021815105924526235,14.0,0.06329113924050633,1.0
4,18.0,230.0,261.0,26.244495652399486,11.711871004725742,68.11269837220809,0.025423728813559324,0.0019193857965451055,0.002594424857726548,0.023068839274354526,13.0,0.18220338983050846,0.999
4,21.0,227.0,251.0,25.907628644440532,11.75199131813243,69.35533905932736,0.031982942430703626,0.01761252446183953,0.009053588312343602,0.021359805026939984,19.0,0.08528784648187633,0.998
4,24.0,231.0,256.0,26.073620875811326,11.883811267281985,67.01219330881976,0.023255813953488372,0.007751937984496124,0.005860447984378325,0.015784555152699786,24.0,0.06765327695560254,0.984
4,27.0,233.0,261.0,26.469507505103802,11.785182539169812,67.73401871576773,0.018947368421052633,0.0019193857965451055,0.0016741340933340372,0.019950244246488412,27.0,0.06736842105263158,0.992
4,30.0,227.0,251.0,25.99947443292031,11.641854351802051,66.94112549695427,0.031982942430703626,0.01761252446183953,0.007284278797656793,0.026065130075132968,28.0,0.08102345415778252,0.99
4,33.0,226.0,252.0,25.914753105836642,11.692171643976073,68.2193000900063,0.03418803418803419,0.015625,0.008916120946923452,0.023910082614835966,32.0,0.05982905982905983,0.983
4,36.0,229.0,256.0,26.179832956378043,11.710982635404525,66.08326112068522,0.027600849256900213,0.007751937984496124,0.003827860851393963,0.023106746516286015,36.0,0.06369426751592357,0.973
4,39.0,227.0,250.0,26.183877088630666,11.555644339796897,65.42640687119285,0.031982942430703626,0.0196078431372549,0.0037506303765482978,0.029778594979639035,38.0,0.08102345415778252,0.975
4,42.0,230.0,254.0,26.227908929842204,11.819794008694869,64.91168824543144,0.025423728813559324,0.011673151750972763,0.0029105261959565466,0.018484506470016315,42.0,0.059322033898305086,0.967
4,45.0,228.0,248.0,26.17912304286548,11.637455526155769,66.08326112068522,0.029787234042553193,0.023622047244094488,0.0038414192400239256,0.02625395936158275,46.0,0.08085106382978724,0.968
5,-45.0,400.0,434.0,25.19601052441841,21.461252378493587,81.74011537017762,0.007444168734491315,0.003444316877152698,0.007677800673328707,0.0007034912461399131,-45.0,0.02977667493796526,0.992
5,-42.0,398.0,434.0,25.176356829857387,21.37620636159584,80.84062043356595,0.009950248756218905,0.003444316877152698,0.008067944678134962,0.0026888064009161702,-41.0,0.029850746268656716,0.999
5,-39.0,401.0,442.0,25.586250940271587,21.26453530172244,83.91168824543142,0.006195786864931847,0.005688282138794084,6.78100765246207e-6,0.005307650769760015,-39.0,0.01982651796778191,0.993
5,-36.0,400.0,434.0,25.192242485269084,21.39898171790899,82.32590180780451,0.007444168734491315,0.003444316877152698,0.007752576333135796,0.002156366327990603,-37.0,0.02977667493796526,0.999
5,-33.0,400.0,433.0,25.22758170296622,21.38465387655746,82.76955262170046,0.007444168734491315,0.004597701149425287,0.0070517153859245155,0.0024912552214293995,-34.0,0.02481389578163772,0.986
5,-30.0,399.0,432.0,25.170286880695365,21.38302895593837,82.49747468305833,0.008695652173913044,0.005753739930955121,0.008188499847404771,0.0025292491054287047,-29.0,0.02981366459627329,0.999
5,-27.0,399.0,439.0,25.364959782840074,21.273983719156732,84.74011537017762,0.008695652173913044,0.00228310502283105,0.004336416353077976,0.005085542369716778,-27.0,0.02732919254658385,0.993
5,-24.0,404.0,442.0,25.43101038455377,21.454495435295478,84.08326112068522,0.0024691358024691358,0.005688282138794084,0.0030361216273104897,0.00086093785839521,-24.0,0.02962962962962963,0.992
5,-21.0,400.0,430.0,25.293303985692507,21.341833882948094,84.25483399593904,0.007444168734491315,0.008073817762399077,0.005750874821478216,0.0034934349743346443,-21.0,0.02729528535980149,0.986
5,-18.0,396.0,421.0,25.30710376890891,21.161655791842694,82.42640687119285,0.012468827930174564,0.018648018648018648,0.0054781626225604545,0.007732456884367596,-18.0,0.02743142144638404,0.993
5,-15.0,399.0,425.0,25.20837465773815,21.287067679053926,81.84062043356595,0.008695652173913044,0.013921113689095127,0.007432515908696622,0.004778133564365685,-15.0,0.02236024844720497,0.992
5,-12.0,398.0,423.0,25.415780671548777,20.97775062878262,77.59797974644667,0.009950248756218905,0.01627906976744186,0.0033356402095283825,0.012096257358392476,-12.0,0.029850746268656716,0.993
5,-9.0,398.0,431.0,25.148753435548542,21.209237584881926,81.01219330881975,0.009950248756218905,0.0069124423963133645,0.008616407965474438,0.006609531275744371,-9.0,0.02736318407960199,0.993
5,-6.0,403.0,437.0,25.357149869833172,21.4410211258734,80.42640687119285,0.003708281829419036,0.0,0.0044903878851033415,0.0011750568356445963,-6.0,0.007416563658838072,1.0
5,-3.0,401.0,427.0,25.291993036091064,21.28124007681482,78.76955262170047,0.006195786864931847,0.011574074074074073,0.005776789585783016,0.004915030370628242,-3.0,0.01734820322180917,0.999
5,0.0,406.0,437.0,25.58590394149774,21.491469242151595,79.84062043356595,0.0,0.0,0.0,0.0,0.0,0.0,1.0
5,3.0,399.0,434.0,25.22487121811033,21.373790143858717,79.94112549695427,0.008695652173913044,0.003444316877152698,0.007105436243657477,0.00274532570147668,3.0,0.02236024844720497,0.992
5,6.0,402.0,435.0,25.450478024237572,21.347488408599734,79.35533905932738,0.0049504950495049506,0.0022935779816513763,0.002653517197811747,0.003360978918433981,6.0,0.009900990099009901,0.991
5,9.0,401.0,441.0,25.369710516137907,21.33024412512136,84.49747468305833,0.006195786864931847,0.004555808656036446,0.004242779282733914,0.00376503190443222,9.0,0.027261462205700124,0.991
5,12.0,397.0,419.0,25.121827521641922,21.2038686559939,78.76955262170047,0.0112079701120797,0.02102803738317757,0.00915198543624779,0.006736112192010229,12.0,0.0273972602739726,0.998
5,15.0,402.0,438.0,25.448383087447432,21.3055298351442,84.01219330881975,0.0049504950495049506,0.001142857142857143,0.0026946757181561145,0.004344683295937885,16.0,0.034653465346534656,0.985
5,18.0,399.0,437.0,25.291956019935512,21.22509092167479,81.76955262170047,0.008695652173913044,0.0,0.005777521338064311,0.0062359496985522865,18.0,0.02732919254658385,0.985
5,21.0,397.0,423.0,25.32826765270758,21.05562976029249,81.84062043356595,0.0112079701120797,0.01627906976744186,0.005060207810971863,0.010243694448687763,21.0,0.0224159402241594,0.991
5,24.0,405.0,439.0,25.45835313004242,21.484371421185656,83.18376618407356,0.0012330456226880395,0.00228310502283105,0.0024988278559242294,0.00016515839728514854,24.0,0.012330456226880395,0.986
5,27.0,400.0,432.0,25.542378325994942,21.07930761319602,87.1543289325507,0.007444168734491315,0.005753739930955121,0.0008513021281466252,0.009681797218689989,27.0,0.034739454094292806,0.984
5,30.0,407.0,438.0,25.38832227322486,21.52260220557454,81.59797974644667,0.0012300123001230013,0.001142857142857143,0.003876109221169806,0.0007237855514509836,30.0,0.02952029520295203,0.991
5,33.0,400.0,428.0,25.254919046601707,21.23395780229382,79.35533905932738,0.007444168734491315,0.010404624277456647,0.006510219061038978,0.0060271238386897345,33.0,0.02729528535980149,0.992
5,36.0,401.0,443.0,25.495623026118135,21.19578015810597,83.49747468305833,0.006195786864931847,0.006818181818181818,0.0017673887359874786,0.00692687133043158,37.0,0.022304832713754646,0.991
5,39.0,401.0,428.0,25.328433837226154,21.314553516168328,79.01219330881975,0.006195786864931847,0.010404624277456647,0.005056927292083495,0.004132963414567206,39.0,0.01734820322180917,0.997
5,42.0,401.0,431.0,25.132833276696022,21.474945826432183,80.42640687119285,0.006195786864931847,0.0069124423963133645,0.008933003652133377,0.00038456584504518456,41.0,0.01734820322180917,0.997
5,45.0,401.0,440.0,25.312274786797836,21.46109532894266,84.22539674441619,0.006195786864931847,0.0034207525655644243,0.005376010724481715,0.0007071501669862479,46.0,0.03965303593556382,0.99
7,-45.0,138.0,153.0,20.694479901468593,8.750059334924313,50.76955262170047,0.014285714285714285,0.01607717041800643,0.002102130220307126,0.018585472384859098,-45.0,0.05714285714285714,0.97
7,-42.0,137.0,151.0,20.367629699980977,8.855641187838234,49.698484809834994,0.017921146953405017,0.022653721682847898,0.005857865734414674,0.012589849100234104,-43.0,0.05734767025089606,0.977
7,-39.0,134.0,148.0,20.523498207581202,8.508489722254321,49.94112549695428,0.028985507246376812,0.032679738562091505,0.002046118606037863,0.03257409706143396,-39.0,0.06521739130434782,0.97
7,-36.0,133.0,147.0,20.6765901488179,8.49060397881044,51.8700576850888,0.03272727272727273,0.036065573770491806,0.0016697099363538492,0.03362510327219516,-36.0,0.08727272727272728,0.987
7,-33.0,136.0,156.0,20.807876140600282,8.670003962982342,53.11269837220809,0.02158273381294964,0.006369426751592357,0.004834386833070429,0.023179077080309425,-33.0,0.06474820143884892,0.985
7,-30.0,133.0,152.0,20.46572136463703,8.606331493263799,51.4558441227157,0.03272727272727273,0.01935483870967742,0.003455670557105631,0.026862313297966327,-29.0,0.05818181818181818,0.985
7,-27.0,137.0,155.0,20.86327553796606,8.616638408738742,51.698484809834994,0.017921146953405017,0.009584664536741214,0.006163789653369203,0.026264295429892448,-27.0,0.06451612903225806,0.984
7,-24.0,131.0,148.0,20.253587259586794,8.522011035468283,50.66295090390226,0.040293040293040296,0.032679738562091505,0.008665183195453525,0.03178097208821304,-24.0,0.08058608058608059,0.984
7,-21.0,133.0,152.0,20.437812338434846,8.548653559209484,51.45584412271571,0.03272727272727273,0.01935483870967742,0.004137974128243205,0.03022175135184423,-21.0,0.08727272727272728,0.985
7,-18.0,138.0,152.0,20.852079558729855,8.724219914184712,51.11269837220809,0.014285714285714285,0.01935483870967742,0.005895409524036924,0.020063632660070146,-18.0,0.04285714285714286,0.986
7,-15.0,137.0,159.0,20.593209358570423,8.817002754566735,53.248737341529164,0.017921146953405017,0.0031545741324921135,0.00035067397789293906,0.014775783796093064,-15.0,0.043010752688172046,0.995
7,-12.0,136.0,154.0,20.826509827541493,8.591382410597086,52.04163056034261,0.02158273381294964,0.01282051282051282,0.00528193062886972,0.027730914027799994,-13.0,0.050359712230215826,0.994
7,-9.0,138.0,158.0,21.274361824586293,8.56847432329742,52.834523779156065,0.014285714285714285,0.0,0.015918630620624753,0.02906481930880473,-9.0,0.07857142857142857,0.995
7,-6.0,136.0,152.0,20.772589068157153,8.627201698663512,50.384776310850235,0.02158273381294964,0.01935483870967742,0.003985757739332673,0.025652124764828223,-6.0,0.04316546762589928,0.996
7,-3.0,137.0,154.0,20.8415362609455,8.67636187635001,49.17766952966369,0.017921146953405017,0.01282051282051282,0.005642542343936233,0.022812743780319826,-3.0,0.05017921146953405,0.996
7,0.0,142.0,158.0,20.607657430419955,9.081466669051094,51.21320343559643,0.0,0.0,0.0,0.0,0.0,0.0,1.0
7,3.0,135.0,156.0,20.698620916673757,8.587898636139025,50.76345596729059,0.02527075812274368,0.006369426751592357,0.002202170950610518,0.027933546247249235,-2.0,0.07942238267148015,0.999
7,6.0,134.0,153.0,20.674230588290968,8.52627554688179,51.21320343559643,0.028985507246376812,0.01607717041800643,0.0016126480901464128,0.03153107964443753,6.0,0.057971014492753624,0.996
7,9.0,135.0,148.0,20.334469231741792,8.734376544923178,50.62741699796952,0.02527075812274368,0.032679738562091505,0.006672545393950932,0.019482104773781813,9.0,0.06498194945848375,0.991
7,12.0,133.0,149.0,20.548056860412665,8.453668402982863,50.62741699796952,0.03272727272727273,0.029315960912052116,0.0014481724113962649,0.03580230568451563,12.0,0.06545454545454546,0.987
7,15.0,134.0,153.0,20.396595418117485,8.641175721455493,50.59188309203678,0.028985507246376812,0.01607717041800643,0.005147320037316531,0.024843414311144143,15.0,0.06521739130434782,0.949
7,18.0,135.0,152.0,20.845939622781934,8.519265515265921,52.52691193458118,0.02527075812274368,0.01935483870967742,0.005748166849216133,0.031941918546213525,19.0,0.05776173285198556,0.927
7,21.0,132.0,149.0,20.362732156440757,8.502746410258057,51.04163056034261,0.0364963503649635,0.029315960912052116,0.005978104588435419,0.032911353848071895,21.0,0.0948905109489051,0.926
7,24.0,136.0,156.0,20.77565302635557,8.660169681151599,53.698484809834994,0.02158273381294964,0.006369426751592357,0.004059501139017981,0.023746230594715253,24.0,0.07913669064748201,0.995
7,27.0,137.0,154.0,20.69912048821956,8.685390964961401,51.87005768508881,0.017921146953405017,0.01282051282051282,0.0022142384956714807,0.022292951981078186,27.0,0.07168458781362007,0.986
7,30.0,129.0,148.0,20.211420720229874,8.437350039605017,51.8700576850888,0.04797047970479705,0.032679738562091505,0.00970714499547739,0.03676713103161913,30.0,0.08856088560885608,0.911
7,33.0,135.0,152.0,20.476540699267463,8.684259118488995,51.11269837220809,0.02527075812274368,0.01935483870967742,0.003191415121176407,0.022358081809451237,33.0,0.06498194945848375,0.978
7,36.0,135.0,154.0,20.935307087748413,8.548937362973653,52.87005768508881,0.02527075812274368,0.01282051282051282,0.007887007129333861,0.030205167454479664,36.0,0.06498194945848375,0.919
7,39.0,135.0,152.0,20.782565031985538,8.487624995914032,50.11269837220809,0.02527075812274368,0.01935483870967742,0.0042258193157683555,0.03380036284523766,39.0,0.10108303249097472,0.899
7,42.0,136.0,154.0,20.47897593300251,8.782549233171524,52.426406871192846,0.02158273381294964,0.01282051282051282,0.003131955258519803,0.01673293606071965,43.0,0.08633093525179857,0.974
7,45.0,138.0,153.0,20.694479901468597,8.750059334924313,50.76955262170047,0.014285714285714285,0.01607717041800643,0.002102130220307212,0.018585472384859098,45.0,0.05714285714285714,0.974
9,-45.0,11972.0,13453.0,209.04279609207717,77.14309870274981,595.5361466505706,0.00016702856188408218,0.0026831631512260565,0.00019651966147248728,0.00023833840410761545,-45.0,0.004927342575580424,0.989
9,-42.0,11970.0,13446.0,209.04309412693684,77.19034622182201,593.0803025278549,0.00025056376847907793,0.0024229321206247437,0.00019580680592014255,6.780081191772752e-5,-42.0,0.005930009187338178,0.989
9,-39.0,11973.0,13389.0,209.05789551216517,77.14827469590294,591.4528855298854,0.0001252661906551422,0.0002988419872992155,0.0001604053475877286,0.00020479153245511796,-39.0,0.005010647626205687,0.986
9,-36.0,11968.0,13457.0,209.17285918358235,77.12366615654484,601.0386719675123,0.0003341129301703976,0.002831805648707057,0.00011447561761490402,0.0003643055528671207,-36.0,0.006348145673237555,0.982
9,-33.0,11970.0,13415.0,209.1238098407687,77.11084928360819,604.0386719675123,0.00025056376847907793,0.0012688460964323032,2.784084556960848e-6,0.0004474054401460835,-33.0,0.005846487931178485,0.985
9,-30.0,11972.0,13426.0,209.09354542886754,77.17470125581796,598.3107499061545,0.00016702856188408218,0.0016786660200693848,7.514935470533426e-5,3.354963169160189e-5,-30.0,0.005010856856522465,0.985
9,-27.0,11965.0,13379.0,208.98911133984524,77.14500978935195,595.9259735953042,0.00045946284616348525,7.473841554559044e-5,0.0003249422719223769,0.00022595192456687326,-27.0,0.00492878325884466,0.987
9,-24.0,11968.0,13392.0,208.95452232945647,77.16057163855771,604.9970414071697,0.0003341129301703976,0.0004108616890150525,0.0004077022496321898,0.00012510107638706702,-24.0,0.0045105245573003674,0.985
9,-21.0,11971.0,13436.0,209.03769370704796,77.17947132817397,599.0975464705581,0.00020879442101307054,0.002050937837938621,0.00020872397366692637,2.6462082484120502e-6,-21.0,0.004426441725477096,0.986
9,-18.0,11962.0,13443.0,208.9466633695443,77.12510811337928,597.2691193458119,0.0005848441808004011,0.002311362958544587,0.0004265080315120463,0.00035495729934094454,-18.0,0.003759712590859721,0.987
9,-15.0,11968.0,13409.0,209.0011778655754,77.13559929862792,593.3046532517446,0.0003341129301703976,0.0010451661067562524,0.0002960743176160673,0.0002869478602810839,-15.0,0.0030905446040761777,0.989
9,-12.0,11971.0,13395.0,208.96838505048314,77.16151361197525,585.6122650963196,0.00020879442101307054,0.0005228562892142217,0.00037453173261799697,0.00011899713214611503,-12.0,0.003006639662588216,0.991
9,-9.0,11967.0,13379.0,209.01423818454697,77.11292558626909,571.4701294725885,0.0003758927452700163,7.473841554559044e-5,0.000264830690117978,0.0004339425206997309,-9.0,0.0022553564716200976,0.997
9,-6.0,11970.0,13448.0,209.0747594769813,77.13680983066645,571.9137802864846,0.00025056376847907793,0.0024972977002497296,0.00012007373442594698,0.0002791011432406804,-6.0,0.0022550739163117012,0.994
9,-3.0,11962.0,13354.0,209.02297925071082,77.10645441635442,562.2569260369921,0.0005848441808004011,0.001009912100243127,0.00024392091167091745,0.0004759033208155116,-3.0,0.002088729217144289,0.998
9,0.0,11976.0,13381.0,209.12497428074954,77.17987979516214,558.3574311003804,0.0,0.0,0.0,0.0,0.0,0.0,1.0
9,3.0,11973.0,13413.0,209.06082366844862,77.18369244361475,566.2569260369921,0.0001252661906551422,0.0011942972307232964,0.0001534021782076729,2.469914629023539e-5,3.0,0.0010856403190112323,0.992
9,6.0,11974.0,13470.0,209.06941227521318,77.1931135050207,575.0853531617383,8.350730688935282e-5,0.0033145879110647648,0.00013286167228101646,8.572555066568308e-5,6.0,0.001837160751565762,0.988
9,9.0,11966.0,13394.0,209.05599045208956,77.13291189917682,581.5706345359769,0.0004176760504552669,0.00048552754435107374,0.00016496166606735,0.00030436813092171803,9.0,0.002673126722913708,0.986
9,12.0,11963.0,13422.0,209.11870165589673,77.0883902042959,584.8132752230962,0.0005430469108985337,0.0015296795134872962,1.499753663642332e-5,0.0005930551426197563,12.0,0.002757007393792556,0.985
9,15.0,11966.0,13442.0,209.06701286024494,77.1340290015748,594.7838379715733,0.0004176760504552669,0.0022741676919062,0.00013860002651140045,0.00029712677194723344,15.0,0.0039261548742795084,0.984
9,18.0,11971.0,13400.0,208.99505091236827,77.14966197624013,592.2985565973347,0.00020879442101307054,0.0007094581979761772,0.00031073223130430604,0.00019580061325375443,18.0,0.003841817346640498,0.984
9,21.0,11971.0,13475.0,209.09631340713779,77.12212664607348,597.9259735953042,0.00020879442101307054,0.003500148942508192,6.853040353398975e-5,0.00037428644267596716,21.0,0.004426441725477096,0.984
9,24.0,11970.0,13421.0,209.07509124285824,77.1192439569798,599.3990616607231,0.00025056376847907793,0.0014924259383628088,0.00011928032060169441,0.0003929759074959996,24.0,0.004844232857262173,0.979
9,27.0,11962.0,13408.0,208.99866516358264,77.10588803811189,601.239682094289,0.0005848441808004011,0.0010078763671656278,0.00030208556812228257,0.0004795760366582165,27.0,0.005012950121146295,0.983
9,30.0,11967.0,13392.0,209.06356001073394,77.10452788422747,600.8549057834388,0.0003758927452700163,0.0004108616890150525,0.0001468578523312576,0.0004883961514196307,30.0,0.005011903270266884,0.981
9,33.0,11962.0,13389.0,208.99820528005293,77.1228140928515,603.796031280393,0.0005848441808004011,0.0002988419872992155,0.00030318577609060197,0.00036982959190624154,33.0,0.005180048458517838,0.983
9,36.0,11982.0,13518.0,209.1581660785373,77.18250143900126,600.2102448427661,0.00025043826696719256,0.00509312613851816,7.935246388189315e-5,1.6983696533828824e-5,36.0,0.004591368227731864,0.985
9,39.0,11965.0,13423.0,209.0539104532308,77.13290007534671,593.2102448427661,0.00045946284616348525,0.0015669303089091181,0.00016993643178313153,0.0003044447767375345,39.0,0.005931247650474082,0.987
9,42.0,11972.0,13477.0,209.14432644966482,77.13596358027037,592.5239533417509,0.00016702856188408218,0.003574354009978405,4.6267246679308676e-5,0.000284586559170875,42.0,0.0058459996659428765,0.987
9,45.0,11973.0,13466.0,209.0707636978807,77.13314996827461,585.5950211536165,0.0001252661906551422,0.003166089320966961,0.00012962968759767197,0.0003028248940427486,45.0,0.005094158419975782,0.989
10,-45.0,463.0,537.0,40.223589335393925,15.317782307439646,104.36753236814714,0.006437768240343348,0.004677268475210477,0.002702276482508268,0.001954725544142312,-45.0,0.019313304721030045,0.977
10,-42.0,457.0,517.0,39.712216051976704,15.190174415130466,101.53910524340094,0.012958963282937365,0.014299332697807437,0.009099418623096793,0.0061374494988787375,-42.0,0.05183585313174946,0.972
10,-39.0,458.0,520.0,39.645376482908034,15.229238754715663,100.63961030678928,0.011866235167206042,0.011406844106463879,0.009941600453975416,0.004853296653360224,-39.0,0.038834951456310676,0.977
10,-36.0,463.0,520.0,39.79151159561093,15.313108231051048,99.22539674441617,0.006437768240343348,0.011406844106463879,0.008102110698597696,0.002107318467587768,-36.0,0.030042918454935622,0.977
10,-33.0,458.0,513.0,39.854904216005664,15.14334765103393,102.9827560572969,0.011866235167206042,0.01818181818181818,0.0073062322254055685,0.007681106594424016,-33.0,0.036677454153182305,0.987
10,-30.0,462.0,530.0,39.941856773797326,15.279338409094073,107.5685424949238,0.007518796992481203,0.0018832391713747645,0.006216606439464455,0.0032111724298114377,-30.0,0.04081632653061224,0.984
10,-27.0,458.0,528.0,40.018350574698474,15.125261228702156,103.1543289325507,0.011866235167206042,0.0037735849056603774,0.0052599893652331585,0.008278599274370918,-27.0,0.032362459546925564,0.994
10,-24.0,459.0,521.0,39.59794973767781,15.318058572619718,102.63961030678928,0.010775862068965518,0.010446343779677113,0.010540032875860559,0.0019457078667615433,-24.0,0.040948275862068964,0.982
10,-21.0,460.0,528.0,40.03009331049026,15.188753925537522,105.9827560572969,0.00968783638320775,0.0037735849056603774,0.005113297944507186,0.006184206766349388,-21.0,0.030139935414424113,0.989
10,-18.0,463.0,521.0,40.206680499989595,15.227869922353124,101.5685424949238,0.006437768240343348,0.010446343779677113,0.0029125045764803914,0.004898238536594829,-18.0,0.034334763948497854,0.988
10,-15.0,457.0,517.0,39.8377618466172,15.144642066630125,100.5685424949238,0.012958963282937365,0.014299332697807437,0.0075213263892519805,0.007638372175157236,-15.0,0.03455723542116631,0.983
10,-12.0,455.0,518.0,39.464385041771195,15.195126762786053,101.66904755831214,0.015151515151515152,0.013333333333333334,0.012229174492248555,0.005974470496832566,-12.0,0.03896103896103896,0.995
10,-9.0,463.0,526.0,40.05898156410423,15.295305998879256,102.66904755831213,0.006437768240343348,0.005671077504725898,0.004752605157985332,0.0026889275363562483,-9.0,0.02575107296137339,0.988
10,-6.0,456.0,513.0,39.73393736260517,15.098191043565166,98.66904755831213,0.014054054054054054,0.01818181818181818,0.00882603136369653,0.00917419945020641,-6.0,0.023783783783783784,0.99
10,-3.0,456.0,511.0,39.79119027623269,15.14247166669219,98.76955262170047,0.014054054054054054,0.020134228187919462,0.008106147986443128,0.007710028792479712,-3.0,0.03891891891891892,0.999
10,0.0,469.0,532.0,40.44156889543891,15.37778371443451,99.84062043356595,0.0,0.0,0.0,0.0,0.0,0.0,1.0
10,3.0,463.0,526.0,39.86429486254913,15.33895148475546,99.56244584051393,0.006437768240343348,0.005671077504725898,0.007188441863093227,0.0012642043311970944,3.0,0.023605150214592276,0.994
10,6.0,465.0,531.0,40.3813127980584,15.273757829034427,101.01219330881975,0.004282655246252677,0.0009407337723424271,0.0007455326526096595,0.003393822305888208,6.0,0.01284796573875803,0.993
10,9.0,459.0,526.0,39.91239000625068,15.222452153123411,102.08326112068522,0.010775862068965518,0.005671077504725898,0.006585598225915208,0.005076155686622674,9.0,0.03017241379310345,0.999
10,12.0,454.0,522.0,39.677687128048525,15.112276647419948,103.32590180780451,0.016251354279523293,0.009487666034155597,0.009534309294715004,0.008707987582298564,12.0,0.030335861321776816,0.993
10,15.0,458.0,516.0,39.7316475926371,15.178730915974567,98.94112549695427,0.011866235167206042,0.015267175572519083,0.008854843723369824,0.006514250753646201,15.0,0.034519956850053934,0.993
10,18.0,458.0,531.0,39.56033868332622,15.251647546916056,104.11879502661797,0.011866235167206042,0.0009407337723424271,0.011015114998915288,0.00411813612999137,18.0,0.040992448759439054,0.993
10,21.0,456.0,531.0,39.90959574816606,15.13031847576093,104.94722215136414,0.014054054054054054,0.0009407337723424271,0.006620602820536585,0.008111459609346327,21.0,0.03891891891891892,0.991
10,24.0,456.0,528.0,39.862636859032634,15.136595897651757,103.87615433949867,0.014054054054054054,0.0037735849056603774,0.007209236813528193,0.007904070797075054,24.0,0.03891891891891892,0.991
10,27.0,457.0,520.0,39.75917792623124,15.20479916082758,105.9827560572969,0.012958963282937365,0.011406844106463879,0.008508536344742523,0.005656309485450812,27.0,0.0367170626349892,0.99
10,30.0,457.0,528.0,39.83684515641708,15.110638962627611,104.5685424949238,0.012958963282937365,0.0037735849056603774,0.007532831162200255,0.008762170304332767,30.0,0.03023758099352052,0.997
10,33.0,461.0,534.0,40.025523345513186,15.167758145797166,104.5685424949238,0.008602150537634409,0.001876172607879925,0.0051703813116536195,0.00687581741382643,33.0,0.03870967741935484,0.992
10,36.0,459.0,521.0,39.83560985174902,15.110446601743654,101.74011537017762,0.010775862068965518,0.010446343779677113,0.007548335070396571,0.008768534936873598,37.0,0.03879310344827586,0.987
10,39.0,459.0,526.0,39.96763234417228,15.171361080991693,100.08326112068524,0.010775862068965518,0.005671077504725898,0.005894058689307833,0.006757067499765936,39.0,0.02586206896551724,0.987
10,42.0,459.0,538.0,40.107144268794585,15.277686471343493,105.53910524340094,0.010775862068965518,0.005607476635514018,0.004151830780492521,0.0032652326806409757,42.0,0.034482758620689655,0.982
10,45.0,460.0,522.0,39.82215748670728,15.287681387817273,100.22539674441617,0.00968783638320775,0.009487666034155597,0.0077172022363194296,0.002938234470496317,45.0,0.030139935414424113,0.977
11,-45.0,62.0,68.0,12.146386426472441,7.012932175240171,31.45584412271571,0.08823529411764706,0.0684931506849315,0.025282276576814047,0.06458047686765632,-47.0,0.19117647058823528,0.95
11,-42.0,66.0,69.0,12.490764593577785,7.133457624625823,31.455844122715714,0.05714285714285714,0.061224489795918366,0.011308270023991646,0.056091466027812065,-51.0,0.21428571428571427,0.95
11,-39.0,64.0,70.0,12.14828698905021,7.146430366390858,30.384776310850235,0.07246376811594203,0.05405405405405406,0.02520409682627368,0.05518581569940757,-42.0,0.21739130434782608,0.963
11,-36.0,64.0,71.0,12.425971176313519,7.010979537512974,30.97056274847714,0.07246376811594203,0.04697986577181208,0.013908258532166956,0.06471913122724612,-36.0,0.18840579710144928,0.964
11,-33.0,65.0,71.0,12.342905065314437,7.13920146145317,30.97056274847714,0.06474820143884892,0.04697986577181208,0.017261102171588123,0.05569028678829518,-32.0,0.11510791366906475,0.964
11,-30.0,65.0,70.0,12.673719411998665,7.040023084005102,30.970562748477143,0.06474820143884892,0.05405405405405406,0.004038243599126104,0.06266050480704201,-32.0,0.12949640287769784,0.964
11,-27.0,61.0,70.0,12.166870415320595,6.866527844217561,30.97056274847714,0.0962962962962963,0.05405405405405406,0.024440294287233634,0.0750776058951472,-26.0,0.2074074074074074,0.963
11,-24.0,64.0,74.0,12.878573178614689,7.013224767043071,32.970562748477136,0.07246376811594203,0.02631578947368421,0.003978925797850201,0.06455970340118657,-23.0,0.15942028985507245,0.977
11,-21.0,65.0,75.0,12.779610705975976,7.131487800665546,32.970562748477136,0.06474820143884892,0.0196078431372549,0.00012197220146403528,0.0562291189335009,-21.0,0.08633093525179857,0.978
11,-18.0,63.0,73.0,12.275013936961301,7.224421196220255,32.55634918610404,0.08029197080291971,0.033112582781456956,0.020017942414929595,0.0497737074417421,-19.0,0.13138686131386862,0.977
11,-15.0,64.0,72.0,12.271031783226794,7.170898059172076,31.31370849898476,0.07246376811594203,0.04,0.020180108864552782,0.05348190299522384,-19.0,0.14492753623188406,0.981
11,-12.0,66.0,72.0,12.222448037801922,7.341856489258704,30.72792206135785,0.05714285714285714,0.04,0.022162759629167642,0.04172831756055554,-17.0,0.14285714285714285,0.982
11,-9.0,68.0,76.0,12.734986303593425,7.433212616281402,33.071067811865476,0.04225352112676056,0.012987012987012988,0.0016270035405981072,0.035554364109162656,-8.0,0.11267605633802817,0.983
11,-6.0,68.0,75.0,12.928896949333371,7.229746137303191,31.899494936611664,0.04225352112676056,0.0196078431372549,0.005928848952223493,0.04940621160221797,-7.0,0.07042253521126761,1.0
11,-3.0,67.0,74.0,12.663878788299758,7.233278321022865,31.31370849898476,0.04964539007092199,0.02631578947368421,0.00442661694503334,0.049162583149666504,-7.0,0.11347517730496454,0.981
11,0.0,74.0,78.0,12.776493571676387,7.981264550003883,32.72792206135786,0.0,0.0,0.0,0.0,0.0,0.0,1.0
11,3.0,62.0,66.0,12.154169540879524,7.038868779688617,30.48528137423857,0.08823529411764706,0.08333333333333333,0.024962193263260598,0.06274217076703935,-4.0,0.17647058823529413,0.983
11,6.0,61.0,67.0,11.98486107772813,6.981511143920803,27.899494936611664,0.0962962962962963,0.07586206896551724,0.03197048405295121,0.0668160391182639,7.0,0.16296296296296298,0.982
11,9.0,62.0,67.0,12.116636680811052,6.956144622663134,29.899494936611664,0.08823529411764706,0.07586206896551724,0.026507590012686284,0.06862769276057248,9.0,0.16176470588235295,0.982
11,12.0,65.0,74.0,12.664778674505929,7.192703160767581,33.10660171779821,0.06474820143884892,0.02631578947368421,0.004391089254084839,0.05196804186399643,13.0,0.11510791366906475,0.999
11,15.0,65.0,73.0,12.380384470126405,7.253217030734011,31.692388155425117,0.06474820143884892,0.033112582781456956,0.0157455587649538,0.047789451541980735,20.0,0.10071942446043165,0.999
11,18.0,64.0,73.0,12.38719796165344,7.053831966300931,30.9350288425444,0.07246376811594203,0.033112582781456956,0.015470528618875993,0.0616845114826631,20.0,0.11594202898550725,0.981
11,21.0,68.0,77.0,12.927794492731666,7.1682801480090355,32.14213562373095,0.04225352112676056,0.0064516129032258064,0.005886213252674403,0.0536639495246007,20.0,0.11267605633802817,0.982
11,24.0,67.0,78.0,13.070813015383795,7.17486174484342,33.14213562373095,0.04964539007092199,0.0,0.011386851574498372,0.05320639254864348,20.0,0.1276595744680851,0.999
11,27.0,59.0,67.0,11.594050943326323,6.9035493716805645,29.31370849898476,0.11278195488721804,0.07586206896551724,0.04851933561115723,0.07240367155368228,20.0,0.24060150375939848,0.964
11,30.0,63.0,73.0,12.638769037051832,6.995912888782642,32.384776310850235,0.08029197080291971,0.033112582781456956,0.005418969567414851,0.06579021082233207,27.0,0.1897810218978102,0.981
11,33.0,63.0,73.0,12.443079165647333,7.000969236115252,31.79898987322333,0.08029197080291971,0.033112582781456956,0.013220462118916731,0.06543051776410422,33.0,0.16058394160583941,0.966
11,36.0,61.0,69.0,11.928530779199987,7.012628854216591,30.970562748477143,0.0962962962962963,0.061224489795918366,0.03432349551383137,0.06460201294445915,33.0,0.23703703703703705,0.966
11,39.0,62.0,67.0,12.140794911945354,6.869199836827973,30.384776310850235,0.08823529411764706,0.07586206896551724,0.025512353005379382,0.07488417090592771,42.0,0.14705882352941177,0.892
11,42.0,68.0,73.0,13.085224623860581,7.218422006664347,32.87005768508881,0.04225352112676056,0.033112582781456956,0.011937762597593892,0.050188044371538086,46.0,0.1267605633802817,0.966
11,45.0,63.0,67.0,12.245165405163403,6.990040122180131,29.79898987322333,0.08029197080291971,0.07586206896551724,0.021234729759716735,0.06620828642044806,42.0,0.145985401459854,0.951
12,-45.0,78.0,89.0,13.208207347621222,8.588300545655573,34.62741699796952,0.04878048780487805,0.0582010582010582,0.027344447440512114,0.015382208426080953,-46.0,0.14634146341463414,0.968
12,-42.0,77.0,88.0,13.416912589542262,8.57091400434408,35.21320343559643,0.05521472392638037,0.06382978723404255,0.019509970060154983,0.016395200977255855,-41.0,0.09815950920245399,0.981
12,-39.0,75.0,86.0,13.098090575920532,8.37756931988188,34.62741699796952,0.06832298136645963,0.07526881720430108,0.03152678591604261,0.027797788681478187,-41.0,0.11180124223602485,0.968
12,-36.0,77.0,94.0,13.062681568724651,8.407815583359882,35.798989873223334,0.05521472392638037,0.030927835051546393,0.03287889827831561,0.025997150460322832,-39.0,0.11042944785276074,0.981
12,-33.0,79.0,94.0,13.38295964415764,8.608547762297809,36.38477631085023,0.04242424242424243,0.030927835051546393,0.020776363511222744,0.014205086191262846,-32.0,0.06060606060606061,0.994
12,-30.0,74.0,90.0,13.186534116792494,8.348502545848179,36.79898987322333,0.075,0.05263157894736842,0.028164934321212916,0.02953417430082961,-32.0,0.1625,0.994
12,-27.0,75.0,88.0,13.099472259512357,8.353644837902904,35.55634918610404,0.06832298136645963,0.06382978723404255,0.03147409732865495,0.02922655796854531,-32.0,0.17391304347826086,0.994
12,-24.0,76.0,89.0,13.400811677389123,8.295442620548215,35.21320343559643,0.06172839506172839,0.0582010582010582,0.020110117739934198,0.032719035305162424,-21.0,0.12345679012345678,0.98
12,-21.0,80.0,97.0,13.521343641757657,8.56669516917112,36.384776310850235,0.03614457831325301,0.015228426395939087,0.01563447058764071,0.016641307891787888,-22.0,0.0963855421686747,0.993
12,-18.0,78.0,93.0,13.27727555939476,8.372056916932587,35.97056274847714,0.04878048780487805,0.03626943005181347,0.0247384353012141,0.02812663739447592,-18.0,0.12195121951219512,0.993
12,-15.0,77.0,89.0,13.146667123790444,8.398874464048477,34.97056274847714,0.05521472392638037,0.0582010582010582,0.029677612901143045,0.026528781188334193,-15.0,0.0736196319018405,0.983
12,-12.0,79.0,92.0,13.355224185138301,8.589656257599955,36.384776310850235,0.04242424242424243,0.041666666666666664,0.02181319120003926,0.01530330539778907,-14.0,0.06060606060606061,0.997
12,-9.0,79.0,96.0,13.30833574669837,8.715235873455459,35.798989873223334,0.04242424242424243,0.02040816326530612,0.02357080836203079,0.008047313871701718,-9.0,0.08484848484848485,0.981
12,-6.0,79.0,95.0,13.377053383336106,8.629614216729292,35.55634918610404,0.04242424242424243,0.02564102564102564,0.02099697940789923,0.012983229173363796,-6.0,0.08484848484848485,0.997
12,-3.0,81.0,94.0,13.66851172326043,8.716120171482167,36.14213562373095,0.029940119760479042,0.030927835051546393,0.010222725725137586,0.007996586830218116,-4.0,0.059880239520958084,0.997
12,0.0,86.0,100.0,13.950856953948998,8.856642292371168,36.970562748477136,0.0,0.0,0.0,0.0,0.0,0.0,1.0
12,3.0,75.0,91.0,13.031304537692908,8.305191939805805,34.970562748477136,0.06832298136645963,0.04712041884816754,0.03408001306866888,0.03213236680327796,-5.0,0.13664596273291926,0.986
12,6.0,74.0,93.0,13.181449797984486,8.287361023586904,35.3492424049175,0.075,0.03626943005181347,0.028357601990832672,0.03320585386578658,6.0,0.15,1.0
12,9.0,76.0,91.0,13.371282228453332,8.429992126076893,36.97056274847714,0.06172839506172839,0.04712041884816754,0.021212640841422815,0.02468092723931036,14.0,0.1111111111111111,1.0
12,12.0,79.0,93.0,13.267266180437035,8.59940958329305,37.21320343559643,0.04242424242424243,0.03626943005181347,0.025115279629562254,0.014736018826612778,14.0,0.048484848484848485,0.998
12,15.0,80.0,93.0,13.334901291122057,8.596970836057972,35.55634918610404,0.03614457831325301,0.03626943005181347,0.022574254938955512,0.01487780520872397,15.0,0.0963855421686747,0.997
12,18.0,75.0,93.0,13.057286023612756,8.305483699059602,38.04163056034261,0.06832298136645963,0.03626943005181347,0.03308524140584627,0.03211482036588972,17.0,0.11180124223602485,0.998
12,21.0,79.0,95.0,13.162394442306791,8.650704741574735,37.14213562373095,0.04242424242424243,0.02564102564102564,0.029080337880505534,0.011762921612116898,22.0,0.08484848484848485,0.98
12,24.0,76.0,93.0,13.252433434379855,8.302563751880173,36.970562748477136,0.06172839506172839,0.03626943005181347,0.0256742294626532,0.03229045324487035,25.0,0.12345679012345678,0.995
12,27.0,75.0,90.0,13.127955218435533,8.310180677570278,35.970562748477136,0.06832298136645963,0.05263157894736842,0.030389137096370696,0.03183242558962289,26.0,0.12422360248447205,0.996
12,30.0,75.0,91.0,13.495766260151985,8.263726879576321,38.62741699796952,0.06832298136645963,0.04712041884816754,0.016580935667277478,0.03463216282545858,31.0,0.11180124223602485,0.995
12,33.0,80.0,94.0,13.44176665291281,8.669279626857193,36.384776310850235,0.03614457831325301,0.030927835051546393,0.01858494127260823,0.010690602547328029,31.0,0.060240963855421686,0.995
12,36.0,79.0,92.0,13.502864733732288,8.495613457564044,34.97056274847714,0.04242424242424243,0.041666666666666664,0.01631808704528857,0.02080587331180109,36.0,0.08484848484848485,0.984
12,39.0,78.0,93.0,13.489474495092793,8.462075833912778,36.384776310850235,0.04878048780487805,0.03626943005181347,0.016814026452742294,0.022782659523719155,44.0,0.10975609756097561,0.995
12,42.0,76.0,93.0,13.11064883260387,8.569583245073067,36.21320343559643,0.06172839506172839,0.03626943005181347,0.031048092000949778,0.01647281832094326,44.0,0.13580246913580246,0.984
12,45.0,75.0,84.0,13.270340828013643,8.24084737265928,33.79898987322333,0.06832298136645963,0.08695652173913043,0.024999492358351704,0.03601668617887078,49.0,0.12422360248447205,0.972
13,-45.0,70.0,77.0,11.895353655518939,7.580597560173992,30.97056274847714,0.06666666666666667,0.06097560975609756,0.021341189557501288,0.054666246760387074,-44.0,0.10666666666666667,0.984
13,-42.0,70.0,76.0,11.977621529411367,7.680205862476477,31.798989873223327,0.06666666666666667,0.06748466257668712,0.017896438638093908,0.048156361405567574,-42.0,0.10666666666666667,0.984
13,-39.0,75.0,79.0,12.522727775894248,7.976574044995207,32.62741699796952,0.03225806451612903,0.04819277108433735,0.004354212445983309,0.029253964405771295,-38.0,0.09032258064516129,0.984
13,-36.0,74.0,82.0,12.130484298034862,8.025957663851559,32.970562748477136,0.03896103896103896,0.029585798816568046,0.0115570292642448,0.026170339118311476,-37.0,0.07792207792207792,0.998
13,-33.0,74.0,80.0,12.32644073275469,7.859084798215268,32.970562748477136,0.03896103896103896,0.041916167664670656,0.00354504876823064,0.03666529022285541,-34.0,0.07792207792207792,0.997
13,-30.0,76.0,82.0,12.25930383933473,8.10118120800297,32.384776310850235,0.02564102564102564,0.029585798816568046,0.0062757124494217924,0.02150855735709071,-31.0,0.08974358974358974,0.997
13,-27.0,71.0,76.0,12.36396734787503,7.501027924951106,31.798989873223327,0.059602649006622516,0.06748466257668712,0.0020251732934496755,0.0599248958090914,-29.0,0.11920529801324503,0.984
13,-24.0,76.0,83.0,12.630610562519651,7.919405552009025,33.14213562373095,0.02564102564102564,0.023529411764705882,0.00864305574564695,0.032846920680113065,-23.0,0.0641025641025641,0.981
13,-21.0,74.0,79.0,12.399201676907358,7.783861821797817,31.31370849898476,0.03896103896103896,0.04819277108433735,0.0006023228489874045,0.041466726295888885,-21.0,0.06493506493506493,0.998
13,-18.0,74.0,79.0,12.430925640132584,7.765899504058898,31.31370849898476,0.03896103896103896,0.04819277108433735,0.0006753176449245943,0.042619835495976414,-19.0,0.09090909090909091,0.998
13,-15.0,72.0,78.0,12.109958461254957,7.790672954182149,32.14213562373095,0.05263157894736842,0.05454545454545454,0.012403667859677388,0.04103014542088069,-14.0,0.09210526315789473,0.997
13,-12.0,73.0,78.0,12.355227491195986,7.744360069281319,31.31370849898476,0.0457516339869281,0.05454545454545454,0.0023787371790434724,0.04400595265900607,-14.0,0.0915032679738562,0.997
13,-9.0,72.0,77.0,12.145690361662487,7.790908484980105,32.14213562373095,0.05263157894736842,0.06097560975609756,0.01093073031443694,0.041015054883696965,-9.0,0.10526315789473684,0.998
13,-6.0,74.0,81.0,12.153635419314343,8.104136009176747,32.970562748477136,0.03896103896103896,0.03571428571428571,0.01060380203530371,0.021326305706437936,-6.0,0.07792207792207792,0.999
13,-3.0,75.0,84.0,12.40628432608243,7.9830833849780465,32.970562748477136,0.03225806451612903,0.017543859649122806,0.00031679537241405053,0.028846446452729213,-4.0,0.06451612903225806,0.998
13,0.0,80.0,87.0,12.414147323970486,8.457330915765118,32.970562748477136,0.0,0.0,0.0,0.0,0.0,0.0,1.0
13,3.0,75.0,83.0,12.062142382492805,8.178856822456826,32.14213562373095,0.03225806451612903,0.023529411764705882,0.014381466541668246,0.01673905690956424,-4.0,0.06451612903225806,1.0
13,6.0,74.0,85.0,12.152352762280428,8.030189625633835,34.17766952966368,0.03896103896103896,0.011627906976744186,0.010656567307956749,0.025906945138219107,6.0,0.07792207792207792,0.979
13,9.0,73.0,80.0,12.187431167895102,7.846733817631162,32.384776310850235,0.0457516339869281,0.041916167664670656,0.009215512579826786,0.03745060560776875,9.0,0.0915032679738562,0.998
13,12.0,75.0,85.0,12.08552376520996,8.25734042389563,33.14213562373095,0.03225806451612903,0.011627906976744186,0.013413386553815942,0.011964967052325312,13.0,0.06451612903225806,0.981
13,15.0,74.0,84.0,11.916682732277396,8.271858568078535,32.31370849898476,0.03896103896103896,0.017543859649122806,0.020445853698499147,0.01108675036920969,13.0,0.07792207792207792,0.981
13,18.0,73.0,81.0,12.126935768818752,8.010683877244414,32.72792206135786,0.0457516339869281,0.03571428571428571,0.011703295818925093,0.027122093593837413,17.0,0.0915032679738562,0.939
13,21.0,73.0,79.0,12.216811191351713,7.7893573562185665,32.384776310850235,0.0457516339869281,0.04819277108433735,0.008011711460437715,0.04111444427098576,20.0,0.0784313725490196,0.998
13,24.0,74.0,80.0,12.386102225121927,7.85674056630635,32.384776310850235,0.03896103896103896,0.041916167664670656,0.0011308393809926264,0.036814252660275125,24.0,0.1038961038961039,0.998
13,27.0,72.0,81.0,12.22115646343263,7.705906112670104,33.21320343559643,0.05263157894736842,0.03571428571428571,0.007833914377647699,0.04648974718201975,27.0,0.11842105263157894,0.998
13,30.0,75.0,81.0,12.408499633583297,7.985697155889734,33.55634918610404,0.03225806451612903,0.03571428571428571,0.00022752168198848276,0.02868290182441547,30.0,0.06451612903225806,0.923
13,33.0,73.0,80.0,11.87089737602911,8.113925258635447,33.14213562373095,0.0457516339869281,0.041916167664670656,0.022369732263304642,0.020722970758255896,32.0,0.0784313725490196,0.979
13,36.0,75.0,85.0,12.151743320417326,8.12639190451728,33.384776310850235,0.03225806451612903,0.011627906976744186,0.010681640138828306,0.01995565258984483,36.0,0.06451612903225806,0.998
13,39.0,75.0,86.0,12.448705266780559,8.004312966752297,34.21320343559643,0.03225806451612903,0.005780346820809248,0.001389942794533906,0.02751960571167106,38.0,0.07741935483870968,0.998
13,42.0,73.0,81.0,12.1264626022046,7.876470674694854,32.62741699796952,0.0457516339869281,0.03571428571428571,0.01172280243365269,0.03556185238649678,38.0,0.13071895424836602,0.985
13,45.0,70.0,77.0,11.895353655518939,7.580597560173992,30.97056274847714,0.06666666666666667,0.06097560975609756,0.021341189557501288,0.054666246760387074,46.0,0.10666666666666667,0.985
